764158239089029120
693821069879160832
766307327922335745
691656866972209152
693729678306189313
692840850141753347
692440373449396224
693822949456007169
692709993573789701
687674548712505346
687956181646753792
766299560415223808
644321231618076673
693136527816331264
683731779342188545
693631772639145984
691600834707247104
692357775859564544
692364468442021889
689236842454106113
661184793342775296
633397936563560449
763404633217835009
761675705956655109
690954487322796032
621025025806577664
693605375803813889
693284114724700160
692946556396244992
693240976970752004
691889802724118532
693492159635443714
692735354240114688
687786822475366401
767154835993063425
692581635594694658
692765809425408000
693594331735683072
693185488644149248
766638613320859648
692745861978263552
678277910537588737
692376812022792196
690670464440504320
693239731031683072
693795905049329664
692099058811453440
693408117225299968
692082337333534720
688281442162352128
687945926774800385
766316494695305218
693554007785234432
682548344690970624
693122701569974273
693824042164436992
693162950358622208
693830499047989248
690985215691354112
690676539323740161
687911282922631168
693670046497935361
687673284436082689
693125234317086720
689650617464311813
693629498177253376
693344498953383936
693618217667928068
651858133304782848
693662456393134080
766989078294306816
692463948076093440
686493272806576128
687630364936957952
761355585724055553
692927739066740741
767355933919997952
692105324111761408
693214543615561729
692134721195786240
693465666259656705
688763099298529280
683158807959089152
693537938425171968
688110059553861634
764473554431725568
693806234026188801
690296550803636224
692405195796529152
692688891174739968
692046121250586624
693549273468764160
693355140284334081
687617735833026560
693098795022725120
693916809125351425
643807909856415744
692290126282649601
691206970074738688
690145844318834689
692098463262216192
692818857187213313
692812029611089920
764505291853627392
765631087867367426
692842124841123842
690137637810761728
692528931459694592
693925198630821889
665498651742085124
767355611277168642
761027420849745920
692566765822435328
692451275930234880
692537942439501824
693853982293254144
689719109785907200
691986377584549888
693118410444636161
767462297270968321
692854695262445568
767223774072676354
689798164287741953
767360696761905153
691351064868732928
690252631822864384
693032076543655936
691632933170450435
692792765852286977
693116426824093696
692727606718824448
766299795833102336
693533469922693120
690174644071047168
692453106622275585
767668607803359234
692748204064927745
692190570140340229
692745208421679104
693217698482933760
688751183645782016
688520025754304512
693560600471863296
693785810311778304
693629063932596224
692142338890661888
693673606279229440
692332739824095234
692336523090509824
767737100347191297
693079616072880128
767218194385866752
693487871806689280
693873151659249669
690567125128351744
693711272014155776
689853056440221696
692506143147606016
689549346875031552
767823175480647681
693926742814281729
693452449173086210
764653644138450945
693686290408181760
685473149291479040
693722259740069889
693866093123915776
686527768327274497
688441130271289350
693554344298467328
693411834808946688
687631811560763392
691027026552229888
616686132387028992
691700082601758720
689103487880310785
692047663211085825
692217618778972161
767710245779103744
665317131597291520
692423131726749697
692391757775028228
689694470779097088
692031514943582208
693107789007339521
692113839387709444
690431187916099584
676970570160988160
767715524222578688
693459931022913536
689208632148365314
693485676881403905
693204483501887488
693139276708585472
691380138710306816
688461902821855232
689922870689009664
692382471061663744
692780496590254081
691564354567798784
692734579141185536
693476901772513280
765141361033109504
677950378785271808
692113799546048513
682629960826224646
690920430287331328
674713782778654721
693622130735484929
767845555313774593
692031224227958789
689555819059351552
764753085675761664
693122199536934912
691380348379201536
692491478619262976
693534177694609409
691006265137299456
759653274605740032
692838349036326912
767094580634202112
689529955294777344
693492349142433792
688763993633107968
692510002586714113
692707593991643136
766358933296517121
692024256520179712
693236688538243074
692692529779707904
693490132440129536
693121477491757056
692023417575448576
686422922894815233
693056396250652672
693934062445187072
693087256727388161
687766167558164481
764620072228970496
692056985513123840
688096910217879554
692736398462300162
691327238353129472
693573042111270912
692925163994796033
693102420688121856
692287441168900097
693456387880402944
692924229017309184
693481256735150082
761381302260031489
692892472729415680
693792605755285504
688437279405305856
691410231549530112
693658242044542976
689833530197671936
767528171520524288
670380354822348801
688752484966363136
688147918113538049
692267960686284800
684488313512800256
675434959939756032
665302351742275584
767444114229059584
693082547664883712
691299810553384960
693676692309700609
767068504277344260
693131575261659137
693855615618322432
767330549262278658
689799953330368513
766452700049473536
693524179597955072
693718533239365633
692472216135569409
687632433483759616
692374052082708480
688502260779843587
689722724470620161
692127290998784001
684878165714563072
693234925252775936
767768054163996672
688757736310484994
692816955837804544
678733118648524800
693509689418588160
685232704774787072
767520433247809536
692746621218656258
693204708933160960
689214940679409664
764449685897568256
691791477912014850
693123067204243456
692063305297453060
688932211714818048
510916647373516800
531833153145823233
407163499723624449
525088864416043008
523820806917603328
528242965915779072
536547921542791170
531634492528939008
551106923601219585
524944881941495809
536835346932441088
516978780171436032
524263570985340928
524930365400821761
524586367456919552
525024066152169473
528562608463704064
524950339074523137
528312406498635777
566089610485579776
536962520477470720
524925600318754816
551082055883563008
427924694663454720
517416417164263424
531659884430106624
407217471473451008
524933380929245184
348203818741272576
524991240270807042
513749585391390720
510916464631889920
507242819623587841
525305690257379328
536808074431184896
525040767317082113
509473920060104704
531206167302012929
524998384357486592
532297096356167680
536804445678755840
499679379820412928
518827403452637184
523126268603031552
407159686786732032
407253554039386112
514395350615203841
407185422523977728
427762638274437120
531676808836833280
407212665350942720
407233172380733441
515598200796090369
532275347413544961
524925124303396864
336913656921083904
504243239084236800
538218607822770176
524941041301225472
495305620342714369
520299904934371328
407182194206322689
530943279161155584
509478961705807872
517003426832453633
509464271118688257
538256153080127489
524965786059026432
427662266993889280
531161914689482752
524976526891417600
527162170531151872
507261372313640961
528607634099015680
510918747188514816
568075025418317826
525033697045925888
536558567206420480
525005886272843776
514098833253748736
524699123971534848
407217865973329920
504387128013246465
407179055763836928
538408710084001793
517487705978966016
524928878075457536
519131101798100992
567596847330373632
407192027714322432
515717938025078784
509466295344304129
510906049549705216
507263441359613953
407290084593913856
565999191982616577
524685073979678721
407191144880439298
552615631246622721
525116411887513602
519078654635409410
500278294055768064
532231906364911616
407234399093022720
295152287901417472
407163869673443328
536540403109879809
407174474207731712
525029684095221760
407156621450571777
525024518713397249
524962676665888769
407167928313081856
562387516964491265
516729950091493376
407184707118309376
554722567224049664
517051126466625536
504131150429061121
524958128392376320
534205316620382208
524935769614331904
407188779255222273
407248574099894272
536991428694376448
407169885345943552
524961721744900097
407198255793987584
407158558158254081
552498516225179650
551097831851687938
514106939173634048
436146437530075136
514098803347951616
524970097711267841
510921017972514817
566999951449001984
523581212175392768
504304227246538752
532203605236154368
529747368087126019
532276370953752576
524941504796962816
531648145613398016
407223928084766721
427944719612915712
532197572698320896
551159366876147714
524977992683237376
427725166127226881
524961908903149568
514039286845698048
407173794583695360
514142113601437696
407205235682050048
504267796424163328
407182466613792768
510916725953417218
524951893467234304
407232661107642368
407237676350185475
523888836456108032
551123464640536576
407211258304552960
524958992330522624
551106793959862272
508002575858561024
407189015582887936
525300042207612928
518866406512025602
554958414905094144
514106273852174337
524930671220105216
536105045545472000
523939598691741696
528495998537334785
524949828711620608
407213757048160256
509463916586762241
531129816389779456
407218583135997953
407169212428206080
552457656666185728
427780584979836929
551120768164462592
514148279601606656
515519742355185664
563117355254161408
519311120914722816
407258075502899200
529434230938284032
407279190913069056
524929106987991040
519275971758026752
518870005677826050
499683602452717569
407170443443859456
407229989902225408
524291188422356993
407236151167025152
519348106836860929
407164247768977409
527295015643394048
524946179390701568
552568163431247873
524967711492014080
407269894938718208
574062768896212992
524976980799000578
555003887753494528
552661209204260864
528357165677817856
509463933564891137
407170170533064705
538346377794031618
407192370040803329
524987184836005889
525043936331857923
517850508380618752
504131654810877952
427666815842414592
552706985087361025
513779458340569088
532276693931945984
528237933661544448
407167258452971520
574004164570841088
407209131351629824
524925033626738688
407231740764508161
407205009676587009
531085761521528834
524948703850029056
510931521306243072
551103664124100608
524593547807178753
407290871856369664
524950507023245313
524947149134774272
523026678419714048
504244627680272384
436157398269849602
562313802369073153
516321020815228929
551575491430211584
525411618231169025
535474881090322432
336873759271157760
519112613800972288
510908595144519680
525408908484280321
536827853669941248
407275991610818560
536826622725218304
524991067675189250
527308173112139776
525024181218725888
536738726693847041
524929796862918656
524979548195024898
504109775358287872
536871550184869888
407231591191035904
407197113286545409
407209222850756608
407253198395555840
524923341359300608
536504515843727361
407244865018155008
524988712367955970
562093717201616896
407254590363426816
524928119955013632
407161635439013888
562256876763901953
551135925862805504
527138218505175040
407169699559247872
407198615137181696
523943647449198592
515538937058971648
509464457836511232
510922415468449792
407262953533353984
535579674152148992
527947775905103872
522321383716818944
537913349338435584
532275383430041600
514201362729828352
524312881823637504
525040836757958657
427689948398231552
407191058108256257
514057033419849728
407187197427593217
524976963862429697
514478918636535808
560873850846846978
516804849619705859
528341588867416064
489820657291911168
532239131540467712
532281981795848192
539115704285270017
560133068670140417
514535408126795776
516636338679197697
504419526998360064
489800427152879616
509084603617792001
568568737621630977
387031585834278912
514508854990999553
489836271049928704
524178388282802176
553960736964476928
521098692326350848
547807913671405568
387030572779847680
365276206381268995
495365942726381568
501768276523761666
520284654755381249
561952533942661120
489796998615547904
504448356584677377
524144369235140608
542860306603868160
552146635707666433
532259028152246272
531565935128498176
547158281005719552
510286132568150016
455525437351800832
365497016098369536
507634536176300032
532106726539939841
535507913226190849
319166636902998016
372489152903643136
534409916560461825
521533372280369152
534303066867367937
529088963420909569
365052155385749505
489802446001434625
553098571323437056
514517213022543872
531973383198887936
555072815154475008
514555852351479808
531108688749404160
514540926640087040
553040930144792576
514512849876836352
531833233143783424
518665533089406976
436001434212249600
387041762331471872
489975398151618560
534543768653807618
515918632178577408
553136604882014208
523098334421319680
514062859987595264
560207034545889281
504450741126582275
513015596879867904
489833932813516800
534678919656775680
544154048950435840
513437031020916738
490080544949276672
387220814531395584
450341615979069440
534392174876839936
91728807081426944
489836441120145408
553115168084074497
532206910796468224
369506008172740608
358591089462099968
539813330983354368
519868410599993344
552112474913136641
80084555733803009
514150992552931328
550038665653542913
489794369487380480
534337548680978432
534364937939062784
489812926828924928
518981379963777025
366205297557110784
532246457609244672
514517470238240768
549124560793374720
539658034382123008
505611045897924608
529857740059860992
554979642210549760
528389559441444864
387281927427727360
538166788484509696
491591245152935936
387353560356118528
273278761909239808
568580363339091968
518620083342835712
520244836084228096
380140114552188928
489867900296368129
505369323922522113
435998882250899456
521717368264093696
521789009576476673
436089462326849536
357299879070023680
387050178932654080
489794696013967360
501474962935648256
506118402466152449
489798219283857408
538129041539092480
570341828479725570
532851585408593920
532208816692416512
525711899359318016
501760566160289794
539833716852273152
495583434954514432
504652021601800193
524168442841010176
547803254516490240
387237225286479872
553016500492439552
569908998717243392
387233034350514176
568571403756294144
537377960471166976
428366153149194240
519867098945044480
520338188213444608
489816746405007360
513922322915282945
514468018970034176
387010299536355328
538975342011363328
509077805296914432
489865454312099840
387021726007042051
387007120689737729
544457299667202048
519929168864497664
551117430345711616
563123548857053184
504771233557147648
372914976102834176
501774615837163521
538760398003253248
352075672543428608
534763214106820608
551942365901250560
506656271517622272
544698560655400961
351767344097398785
521821037726797824
489841070818488320
542600886653292545
547101266313089024
505657661120348163
80080680482123777
518192429153783808
542320823915536384
387006700609228801
532319110458118144
377519445578895360
561280944045576192
523123023646175233
489794593580650497
560163341524807680
543443188934250496
523123779124600833
364383457545162754
507557659206516736
489968646014246912
504453071041482753
538861627018579968
521727831307722753
524186749002473472
554655549896159233
519965814175567872
539052152602107904
489887806018183168
531900034863091712
571052823665704960
523558773345255424
376874273601630208
537378640653475841
348209998565879810
557621135320178688
489829414704648192
489796088338341888
535252460148113409
273182568298450945
511918957255991296
554343513887105024
532559937269166080
489872119158046720
560414522758799361
501785003144273921
553061846081896449
521835345059389440
334722003057647616
531607884220485632
531568534066057217
560474897013415936
524646141938647043
553008832784642048
387309869080281088
524317344730869760
514483762566922240
489974591985840128
507354546041925632
553186555150749696
540333359793451008
519704006826807296
554886875303780352
366025766183514112
532255606623989760
489874311143260160
524181699043663872
380055172896272384
514550436377137152
572002458647412736
436215971272212480
489902412900343809
495366618818830336
489854703321509888
523555724807262208
491200302365040640
519921456730607616
509031495101874176
559787890402541568
436157173161144321
543319210659971073
356407105953071107
364589696573124609
519935535083565056
504441156575297536
532284831783460864
514067907475959808
553099685888790528
568452856224747520
547509900130021377
372901260183494656
519375764165509121
509152237503778816
387236601450864641
365056836476481537
542423103834296323
524176293450223616
526459255147491328
538851683141304320
504830161993609216
521790189715615744
436195672677953536
521496155310796800
523566838958284801
489798752358916096
535315394127728641
519447199164665856
538724882461097986
538412662858588160
523562674487975937
504478567062056962
548672230134382592
507454543169617920
387009577763360768
532007252677656576
370855596050108416
326137285450018817
524881688825167872
534278078105944064
554597409351671808
501781217411215360
519962130859429888
518830518792892416
386998038004113409
491241885399539712
318263294098030593
553169307824177152
544567299102244864
558312304753016832
550095745161134080
544523550519218176
740791134146965504
536915851233202176
522443333831262208
752965545528528898
724603564946010112
742050150307246080
744390771869102080
531524882325311488
500391222075076610
652349108653551616
733242244522725376
705093513076015104
547587399728267264
522654603675176960
533811170889568256
533734824905670656
727854332188577792
723521076446142465
535257207991205888
516727880571572225
650710483289419776
500413818368184321
503498696273965056
724703995147751424
514308277803294721
714531423273746432
520265722967375872
517712193841037312
715671763808493569
763428684850094080
728631482722308096
757450526153900032
742571519105077248
727179214546456577
655812191233417216
726043971911213057
516361247223058432
727187859367546880
707786906189303808
500286058664579072
500295393301647360
775672628493357057
742114513726623744
516358319317852160
522692223952228353
715268937873760256
757190314880884736
711994705333112832
524925730053181440
516545908813475841
524929497205055488
535282587325833216
531193369465470976
524937542131793920
500270780832174080
652300118205427716
500281131057811456
778625026144792577
525032872647065600
500307001629745152
500381163866062848
650952376954650629
525008463819464704
531526274003771392
516411927506206721
742055437932040193
716092408920936448
701975210044497921
500278045597368320
757748522481491968
755548076438196225
655432919595548672
715255507506892800
525327108520673281
728101712762834944
727116900983934976
549964632883232768
723772395211862016
525285199530455040
516705572373397504
705092738224525312
728273551883534336
553467311261503488
500279160795721728
524924619812511746
553575232867672064
755475529294352385
521882110789824512
758825535480864769
727966590084485120
716461257025581056
707321278135463936
524993533212897281
766808183696351233
714598641827246081
724320681517670400
523545090099523584
760120409429643266
500347114975944705
526757033186697216
538193964479045633
531493734358061056
580320684305416192
716424773216022530
553461741917863936
499456140044824576
712223438698627073
516435293235183617
531606992788287489
550284252672450560
707420972173955072
499612545909415938
726086935903494144
723365789378584578
516414874348298240
500290456845299714
501934077612941312
727588444000526336
651044059222556674
500280838710247424
780436430732525569
755447443009916929
553228463998783488
516345893139001346
553501357156876290
756282236375277568
531530591427391488
500371149713178625
714755546285477888
727623131494387714
726190016435728385
544514570367168512
553474188259102720
707308274270539777
550279538278543360
500394061887709184
714503380476026880
707305999971921920
707300612862566400
524970851675176960
535148463609356288
544306719686656000
714560810266132480
723644048867774464
500258409988763649
552848620375261184
498280126254428160
531733274968989696
717081129627553792
576319832800555008
748640007934590976
550175324634619904
714851393861881857
778949749156245504
550131732805328896
500288349924782080
707412869860696064
531531382611513344
701539698452393986
549920761423863808
748558349139058688
553549686129561600
658938136299511808
765735409984806912
651786568592658433
714555825122107392
723477822950395904
531287426858487808
745236050407194624
774833492865593344
511330322831507456
731166399389962242
714811995573325828
743126914794037248
658755852199927808
522815405451407360
531498841158082562
531131094276382720
745365403237376000
553212962044149761
650975967146602496
547670441754914816
765887221736046592
728625967921401856
553505242554175489
549975297160802304
553164985460068352
742678930516123650
729647367457230850
757367391202471937
516313006427602944
516861311725342722
552810448324943872
556873675941896193
500303431928922113
549927969032916993
727172374999666688
503609826128044032
538137715293061120
728013148788154368
763430916236640256
701514249269542912
780882510645370880
521777301470871553
524932056560963584
653432177632387072
697992796565741569
516395112201736192
516371936604352513
516539137646542848
747275598347837440
516377014790782977
500354773133299713
725983128444129280
499368931367608320
522534012544638976
778689027918618625
766789709045518336
553548567420628992
531543620856197121
500327120770301952
553470492565602305
706933939953344514
552821069036670976
716439952922312704
778299287293816832
516420964834611201
655815788675399680
522468118082633729
499530130487017472
703234354579898368
727834854931435522
543436472842334209
553576010898497536
500389488217309184
748543642323783681
538900739880665088
715254040289021952
538133250066366464
524972443308683264
724348906096590849
741995157969592321
760109079133990912
517034091028676608
553544252563935234
760928376668454912
547514662695469057
728207861050970112
651809229842608128
500319675797209088
500281094239817728
707332312724283392
503610065769598976
524940659778920448
546028163134808064
500377145349521411
553503184174710784
524981436252950528
500332933098385408
521769631519092736
521770744855134208
516423807394131968
550003619303788545
650254360727973889
537484793882361856
500377906305327104
716457799392342018
576513463738109954
500363740311982081
516425769560866817
553184482241814530
724624672604610562
521444489697583104
516434071631974400
524926472432410625
549998575330275330
544939287222165506
524927281048080385
500341884678836224
752875379765968897
544510450101415936
726442550266044416
500279189405433858
522782267215982592
544512910538838016
535484342785830912
743058135300988932
648993731169939456
553518472798683136
651486105628463105
533767270091087872
706665777332621314
517038566061658114
749286768554438658
764368020391223296
707310135291416576
500308076004929537
