693265096278163456
692833140428017664
767092161716350980
767855091109863424
693060960001597440
693466451081060353
693857551620968448
693321561542127616
688366079396163584
687748306571804672
692874200927698945
692884886374318081
692410832307818497
681824512120324096
693119705469587456
693471161313816576
693129259334909952
693811101146963968
763964234774347776
691719802499432448
689938201193115648
656848877463560192
681199637387149313
766541461189832704
691608761128067072
691632238035886081
688446106943008768
687984820815851521
641666167992647681
693843042546106369
767861179951648768
767710042816602112
692748411481780224
693573781730783232
693466724822323200
689267711856263168
692753210692476928
693441093048766464
693200309955469312
693476774462820352
692796451987034113
693140340367187969
690680149164085248
692071267189395457
692940257134653441
693586539562037248
692758581494599681
767709416879644672
765612862681255936
693853310479155200
691678576018657281
693648675772436480
691995324752252930
766822417712963584
692845716826300418
692082592380751874
693041285087756288
766323684076322816
691789524498845699
693171092555431936
692540218310803456
692665281362202624
692803280238419971
693135382309896192
692157602554343424
693844030589902848
692150118921957376
692929779696275456
693086478667112448
692550140754841603
692752491482615808
723025600810766336
761573188543229952
764497123530375169
767807335691653120
693826104633737217
693181857261719553
692820029159653377
692083780123783172
693080409282846720
693858804279201794
693534670428971008
692925396292091905
693203974388895744
666335363099660288
693869818366287872
693059995013742592
766752508312166402
686657138270277634
692623941131722752
693546915892428800
693402634011701248
693456187036037123
765779159176077312
767129248045948929
682999206290829312
761999790892806144
682916727282270208
691285663522648065
692702295281262593
766715993385267201
690042063958732800
692890520960397312
687643002240679936
693528374996652032
689661418484994049
766568413418356736
692838430783332357
693281966846808064
767859423150759936
693502060545703937
689860942671130624
692735698349199360
765859710503378944
767754921403899906
764906140257837056
687537772970684417
682895395077373952
690106189951139840
693146363685642240
693315824132685824
693086218276474880
767203096472719364
693648684857323521
693818562981421056
693893182338289664
692014905239666688
688819658057740290
693061713042771968
689867195657101312
767541796410839040
693571567377342466
693013768738115584
692743102432346113
693906624776245249
688428083540553728
688741019979001856
692516224245235712
692106491365605376
767459987476054016
693857080193761285
693651239486263296
692826642583019521
693076140278153217
688021039322894336
692078399012130816
672553813249826816
767698691205410816
723198441690636288
692758050378256388
644329878876237824
688752927381581824
767814876433571840
687409983139495939
682996350909157376
765359928361922560
692630756548591616
692797856386777089
693771953648373760
762793077509464064
692911086920667136
690376107825192960
686666933949837312
693641113693884416
544282005941530624
614595106906226688
544274934835707905
614610364702044164
544367462012432384
552792802309181440
614467824313106432
616421546702336000
524966904885428226
614593386188828672
614604580601597953
649881917534433280
544520273718812672
552783667052167168
552791196247269378
623599854661541888
649889459836710912
552834961762709505
544358533819420672
651018580989972480
552791578893619200
614605997953404929
525019752507658240
544277117039837184
544504183341064192
525025279803424768
524944399890124801
614610102927147008
614628865353351168
552793679082311680
553589051044151296
544350712365207552
614594195479752704
552792544132997121
544381485591982083
649985459389661184
524995771587108864
614645853291155457
615494435074363392
553587013409325058
544283772569788416
524959809402331137
544517264054423552
544491151118860289
553476880339599360
544374511194632192
614620298877513729
498430783699554305
544271362022338560
553512735192141826
614650850393391104
552785375161499649
553506608203169792
614599587362414592
667487418388488192
614891047886434304
615592870540488704
614610920782888960
553160652567498752
544305540286148609
553566026030272512
553107921081749504
614604054552018944
553544694765215745
524932935137628160
544513524438155264
553586897168392192
544290258951892992
552805488631758849
553590459688570880
544329935943237632
552811386259386370
544319274072817664
668849913678209024
614671961801785344
524935485370929152
642465192408940544
614702244001382400
553535829017370625
667073349974102017
544268732046913536
544282227035869184
524925987239120897
614593989203886080
544301453717041152
552792913910833152
619242759359037440
614601139422633984
544289311504355328
580348081100734464
616765822095261700
628319096606732290
553543369604210689
614599619310407680
614615157730357248
553508098825261056
580324027715063808
628336948810268673
525056576038518785
544289941996326912
544399927045283840
552832817089236992
553221600955621376
524969201102901248
525049639016615937
614790312955904000
544511199702822913
628681462976528384
614595181845839873
524923676484177920
616481759329427456
544352727971954690
544278335455776769
614617234942656512
623533663947517952
614628136634949632
525060425184858112
544515538383564801
544514564407427072
650037735579910145
614616994499788800
525023025792835585
524931324763992064
614648099542204416
544512664769396736
650128194209730561
524943490887991296
544278985249550337
614638036593299456
524923462398513152
525058976376193024
674263945172119552
544289409294553088
614624331717545984
525025463648137216
616311563071434753
628604055644934144
524980744658382848
650046859537448960
640967537178472448
544391533240516608
544350567183556608
553476490315431937
524942470472548352
552806757672964097
614494460747997184
552984502063337472
524975705206304769
649974380416618496
524965775036387329
614494170590367744
614626710248534016
614614133410033664
553586860334010368
553588178687655936
524926235030589440
674358835675549696
525068915068923904
544520042810200064
524922729485848576
544476808566276097
553531413459660800
544391176137089024
553558982476828674
614599815280857088
632377165477191680
662381914842603520
676870737932742656
626770498328895488
628045645010608128
659462980476637184
672539897899577344
672433211604013057
674014933235859456
664000310856310784
657007736467525632
620971220301787136
611039775856812032
613294443878305796
675064077367005184
613362193787129860
638047610973089793
653250169752977408
669259395902152704
675005503160901632
614054616154550273
676067381299576832
672424512516964352
604642913188872192
656880145769197568
663817239896821760
672632863452299264
666051332504207360
672927317191229440
656811196218286080
652783670370115585
662430295254175744
673686233936072704
665358434351509504
604625816992002049
656595123590012928
613016993692798977
647464349611589632
613404935003217920
658259426172891136
674301413040758785
676718762830221312
668144671772778497
620367840902782976
636925368927064064
673615400655970304
656830586577883136
658786161733734400
672632899921833984
666497286663503872
658065957823324160
663925546812837888
673079581520318464
651959206287908868
612646796355960832
661120256732041216
623818627054206977
654343805081157633
665575674485211136
626901072209121282
613425834301485056
656825206045020160
655986243042459648
642432477185867776
637382230394822656
640644123339431936
656818921979310081
661299012386095105
654371696195993600
666633171325353989
647193820812177408
656047932093763584
644229386149888001
665379967757324288
674301960787505153
618192748735299584
673872171341447169
672180526946656256
674314254732931072
661222523275636736
634943791934406657
665364878287224834
633961125126668288
651321040119963648
634665777400950784
613114185505996802
638050997340893184
626897206717624320
613061089518034944
671181758692507648
675043569367982081
663904307113275392
637868242560638980
648894687542034432
656955120626880512
673984270902427650
633949800761700352
648310692794109952
661251968078221312
620916279608651776
645711628046995462
645356735545364480
667465205258051584
663515735231062016
669201837187334144
622858454949040128
643225207705075716
672906198434209792
672488384695279616
612741808125120513
660466342038867969
652992524504600576
651402689352351744
618449248179191808
643139873264812032
641430951403343872
672432930426372096
627828211003469825
663385747177775105
620835698514464768
654351281260113920
665361505303584774
677099574855639044
652882609219833856
681767380305985536
629503919098429440
612841482823729152
661102820976930816
656202544331517952
673664899571060736
604354747357859842
613393657161510913
675065047710892033
600451916414484480
612438528803213312
661870323034431489
672169954016403456
673615263040798726
594687353937100801
656662726014599168
635632641635667968
673581371458199552
674015148382666752
667379734343471104
656834590779289600
661229627734667264
663722803489808384
672828403016429568
659428447459110912
673611867181473792
658462819667615744
656629493377990656
666107476526432256
613194145423826944
641443248909754368
622891631293935616
666640008149925893
673696115305406466
618804516578680832
674080899055546368
641050980985999360
626546123713474560
673346166822694914
641191076716417025
626739062792032256
707308274270539777
716461257025581056
650975967146602496
760928376668454912
725983128444129280
715671763808493569
730939370765754368
655812191233417216
778530869208190976
778625026144792577
707310135291416576
716092408920936448
778681502825451520
714851393861881857
714998347111669760
729647367457230850
760109079133990912
728038172270198787
701975210044497921
780882510645370880
742050150307246080
727623131494387714
751536167183613952
723477822950395904
743058135300988932
653432177632387072
765735409984806912
652300118205427716
763520953619918848
740791134146965504
697992796565741569
763738618573623297
778299287293816832
714531423273746432
743764020679741440
763896522790440960
778689027918618625
714567472712589312
748640007934590976
726442550266044416
707305999971921920
711994705333112832
728273551883534336
749039299677417472
723504069814444033
730516765525082112
723644048867774464
703234354579898368
705093513076015104
779633844680962048
656361703664451585
652982112870662144
755548076438196225
765739657908850688
716416753409081344
763524712853102596
717081129627553792
725070832494624769
763430916236640256
777710439870455808
728013148788154368
755523157700648960
732004388181434368
715268937873760256
774833492865593344
712223438698627073
724939017410727938
707786906189303808
764368020391223296
757450526153900032
757190314880884736
716424773216022530
653285570383335424
701514249269542912
731093044460683264
724044187113512960
656523458139045889
714598318333042688
706933939953344514
640182854928961536
715253497462145024
658938136299511808
726190016435728385
724603564946010112
745236050407194624
727982226290442240
705092738224525312
648993731169939456
640118021101604864
650254360727973889
742571519105077248
728101712762834944
652000523525091328
755475529294352385
724624672604610562
723915846985342976
733242244522725376
651486105628463105
775672628493357057
716448280201269248
759460236042305536
766808183696351233
707332312724283392
651044059222556674
728207861050970112
707604196812591104
727116900983934976
756690088533393409
723365789378584578
741995157969592321
724661834419048448
765887221736046592
701175292937707520
650710483289419776
652349108653551616
723511860516016128
715255507506892800
726043971911213057
728631482722308096
778572032531427332
714811995573325828
742114513726623744
757367391202471937
728625967921401856
757748522481491968
654336219447472128
740748123581087745
655815788675399680
651809229842608128
707300612862566400
747275598347837440
655432919595548672
742012307694223361
747443219487678464
751856580874960897
763428684850094080
676586804242309121
723521076446142465
756282236375277568
706665777332621314
725174535897620481
727834854931435522
716457799392342018
731166399389962242
715264793737879553
755447443009916929
727588444000526336
744390771869102080
742055437932040193
716439952922312704
650952376954650629
758825535480864769
714755546285477888
715515982584881152
732971411157880832
745365403237376000
766789709045518336
716451800581279744
658755852199927808
723772395211862016
727187859367546880
