693196937172951040
767803368081358848
693935557009801218
693691456222052352
693827886021767169
690969315470868480
688755462783782912
692368829368918017
767561970182598657
693840291992838147
689915847939219456
689890946683576322
672102358516670465
693128224960856064
693761289601060864
687274510643511296
689641419825242112
688004802245214208
693141729529184256
692023855926374400
688751061503442944
690650123358093312
693087220459270144
693897857376632832
692498490249891842
665309822208729088
676955015265837056
693071538896162816
693167683701968896
692701223326056449
693185853867294721
692393375891361794
692691444046372865
693939356390653952
693555965019492352
692163879909064704
676491949524713473
693606934050684928
693804277031157761
692082861525078017
690580180805509121
693265096278163456
692833140428017664
767092161716350980
767855091109863424
693060960001597440
693466451081060353
693857551620968448
693321561542127616
688366079396163584
687748306571804672
692874200927698945
692884886374318081
692410832307818497
681824512120324096
693119705469587456
693471161313816576
693129259334909952
693811101146963968
763964234774347776
691719802499432448
689938201193115648
656848877463560192
681199637387149313
766541461189832704
691608761128067072
691632238035886081
688446106943008768
687984820815851521
641666167992647681
693843042546106369
767861179951648768
767710042816602112
692748411481780224
693573781730783232
693466724822323200
689267711856263168
692753210692476928
693441093048766464
693200309955469312
693476774462820352
692796451987034113
693140340367187969
690680149164085248
692071267189395457
692940257134653441
693586539562037248
692758581494599681
767709416879644672
765612862681255936
693853310479155200
691678576018657281
693648675772436480
691995324752252930
766822417712963584
692845716826300418
692082592380751874
693041285087756288
766323684076322816
691789524498845699
693171092555431936
692540218310803456
692665281362202624
692803280238419971
693135382309896192
692157602554343424
693844030589902848
692150118921957376
692929779696275456
693086478667112448
692550140754841603
692752491482615808
723025600810766336
761573188543229952
764497123530375169
767807335691653120
693826104633737217
693181857261719553
692820029159653377
692083780123783172
693080409282846720
693858804279201794
693534670428971008
692925396292091905
693203974388895744
666335363099660288
693869818366287872
693059995013742592
766752508312166402
686657138270277634
692623941131722752
693546915892428800
693402634011701248
693456187036037123
765779159176077312
767129248045948929
682999206290829312
761999790892806144
682916727282270208
691285663522648065
692702295281262593
766715993385267201
690042063958732800
692890520960397312
687643002240679936
693528374996652032
689661418484994049
766568413418356736
692838430783332357
693281966846808064
767859423150759936
693502060545703937
689860942671130624
692735698349199360
765859710503378944
767754921403899906
764906140257837056
687537772970684417
682895395077373952
690106189951139840
693146363685642240
693315824132685824
693086218276474880
767203096472719364
544324444773433348
524941132237910016
544271284796784640
525028734991343617
524947674164760577
615840865815298048
614594259900080128
524936872666353664
641972184412327937
524925215235911680
524952883343925249
676367888543031296
524925050739490816
544518335019229184
524962142563610625
649903655160815616
614618682543616000
544269749405097984
614607711368519680
544512108885725184
553587303172833280
544382892378714113
544319832486064128
544358564484378624
614608936491188225
544291965513134080
641082932740947972
500378223977721856
614594667225571328
544314234541469696
544380742076088320
553590835850514433
553587672137334785
544512676643500033
675490515748425728
614609560658161664
544291804057960448
681147789653356544
615689290706595840
552802654641225728
553534838880608256
544282005941530624
614595106906226688
544274934835707905
614610364702044164
544367462012432384
552792802309181440
614467824313106432
616421546702336000
524966904885428226
614593386188828672
614604580601597953
649881917534433280
544520273718812672
552783667052167168
552791196247269378
623599854661541888
649889459836710912
552834961762709505
544358533819420672
651018580989972480
552791578893619200
614605997953404929
525019752507658240
544277117039837184
544504183341064192
525025279803424768
524944399890124801
614610102927147008
614628865353351168
552793679082311680
553589051044151296
544350712365207552
614594195479752704
552792544132997121
544381485591982083
649985459389661184
524995771587108864
614645853291155457
615494435074363392
553587013409325058
544283772569788416
524959809402331137
544517264054423552
544491151118860289
553476880339599360
544374511194632192
614620298877513729
498430783699554305
544271362022338560
553512735192141826
614650850393391104
552785375161499649
553506608203169792
614599587362414592
667487418388488192
614891047886434304
615592870540488704
614610920782888960
553160652567498752
544305540286148609
553566026030272512
553107921081749504
614604054552018944
553544694765215745
524932935137628160
544513524438155264
553586897168392192
544290258951892992
552805488631758849
553590459688570880
544329935943237632
552811386259386370
544319274072817664
668849913678209024
614671961801785344
524935485370929152
642465192408940544
614702244001382400
553535829017370625
667073349974102017
544268732046913536
544282227035869184
524925987239120897
614593989203886080
544301453717041152
552792913910833152
619242759359037440
614601139422633984
544289311504355328
580348081100734464
616765822095261700
628319096606732290
553543369604210689
614599619310407680
614615157730357248
553508098825261056
580324027715063808
628336948810268673
525056576038518785
544289941996326912
544399927045283840
552832817089236992
553221600955621376
524969201102901248
525049639016615937
614790312955904000
544511199702822913
628681462976528384
614595181845839873
524923676484177920
616481759329427456
544352727971954690
544278335455776769
614617234942656512
623533663947517952
614628136634949632
525060425184858112
544515538383564801
544514564407427072
650037735579910145
614616994499788800
525023025792835585
524931324763992064
614599815280857088
632377165477191680
656870311057575936
672513234419638273
647169726158925824
641088973717110784
642027433693171712
626516248206135296
629209452793626624
662151653462790144
659439879701602304
640107106943766528
647168914955243520
613023744454475776
626642648179159040
615346611955183616
666810213274689537
676094756758364160
626898253900943360
647169573599449088
637873886072320001
651825062174195712
674187250792558592
675193315306905600
668872645589471232
669613420665159680
618805892222468096
645362146415525888
643103859729166337
674364257799004160
666190716448587776
634404792241143809
631388553801564160
672219174463275008
667534186450825216
676120162018451456
674229534888185856
672902686380003328
666070802924617728
674244561519161344
655080266784968705
633823543541768192
642145732435292160
662381914842603520
676870737932742656
626770498328895488
628045645010608128
659462980476637184
672539897899577344
672433211604013057
674014933235859456
664000310856310784
657007736467525632
620971220301787136
611039775856812032
613294443878305796
675064077367005184
613362193787129860
638047610973089793
653250169752977408
669259395902152704
675005503160901632
614054616154550273
676067381299576832
672424512516964352
604642913188872192
656880145769197568
663817239896821760
672632863452299264
666051332504207360
672927317191229440
656811196218286080
652783670370115585
662430295254175744
673686233936072704
665358434351509504
604625816992002049
656595123590012928
613016993692798977
647464349611589632
613404935003217920
658259426172891136
674301413040758785
676718762830221312
668144671772778497
620367840902782976
636925368927064064
673615400655970304
656830586577883136
658786161733734400
672632899921833984
666497286663503872
658065957823324160
663925546812837888
673079581520318464
651959206287908868
612646796355960832
661120256732041216
623818627054206977
654343805081157633
665575674485211136
626901072209121282
613425834301485056
656825206045020160
655986243042459648
642432477185867776
637382230394822656
640644123339431936
656818921979310081
661299012386095105
654371696195993600
666633171325353989
647193820812177408
656047932093763584
644229386149888001
665379967757324288
674301960787505153
618192748735299584
673872171341447169
672180526946656256
674314254732931072
661222523275636736
634943791934406657
665364878287224834
633961125126668288
651321040119963648
634665777400950784
613114185505996802
638050997340893184
626897206717624320
613061089518034944
671181758692507648
675043569367982081
663904307113275392
637868242560638980
648894687542034432
656955120626880512
673984270902427650
633949800761700352
648310692794109952
661251968078221312
620916279608651776
645711628046995462
645356735545364480
667465205258051584
663515735231062016
669201837187334144
622858454949040128
643225207705075716
672906198434209792
672488384695279616
612741808125120513
660466342038867969
652992524504600576
651402689352351744
618449248179191808
643139873264812032
641430951403343872
672432930426372096
627828211003469825
663385747177775105
620835698514464768
654351281260113920
665361505303584774
677099574855639044
652882609219833856
714555825122107392
722885778448121857
651786568592658433
663744139666804736
748558349139058688
724320681517670400
653432261203750912
742678930516123650
727172374999666688
743126914794037248
715256242990505984
752965545528528898
752875379765968897
715254040289021952
707405809181917184
714598641827246081
707412869860696064
701872343736520704
726086935903494144
701539698452393986
707321278135463936
727966590084485120
724348906096590849
778949749156245504
755439197125767169
760120409429643266
649584608560832513
727854332188577792
748543642323783681
780436430732525569
764931593303646208
732981604826677249
714577521992343552
707420972173955072
749286768554438658
724703995147751424
714560810266132480
714503380476026880
728627623488786433
727179214546456577
707308274270539777
716461257025581056
650975967146602496
760928376668454912
725983128444129280
715671763808493569
730939370765754368
655812191233417216
778530869208190976
778625026144792577
707310135291416576
716092408920936448
778681502825451520
714851393861881857
714998347111669760
729647367457230850
760109079133990912
728038172270198787
701975210044497921
780882510645370880
742050150307246080
727623131494387714
751536167183613952
723477822950395904
743058135300988932
653432177632387072
765735409984806912
652300118205427716
763520953619918848
740791134146965504
697992796565741569
763738618573623297
778299287293816832
714531423273746432
743764020679741440
763896522790440960
778689027918618625
714567472712589312
748640007934590976
726442550266044416
707305999971921920
711994705333112832
728273551883534336
749039299677417472
723504069814444033
730516765525082112
723644048867774464
703234354579898368
705093513076015104
779633844680962048
656361703664451585
652982112870662144
755548076438196225
765739657908850688
716416753409081344
763524712853102596
717081129627553792
725070832494624769
763430916236640256
777710439870455808
728013148788154368
755523157700648960
732004388181434368
715268937873760256
774833492865593344
712223438698627073
724939017410727938
707786906189303808
764368020391223296
757450526153900032
757190314880884736
716424773216022530
653285570383335424
701514249269542912
731093044460683264
724044187113512960
656523458139045889
714598318333042688
706933939953344514
640182854928961536
715253497462145024
658938136299511808
726190016435728385
724603564946010112
745236050407194624
727982226290442240
705092738224525312
648993731169939456
640118021101604864
650254360727973889
742571519105077248
728101712762834944
652000523525091328
755475529294352385
724624672604610562
723915846985342976
733242244522725376
651486105628463105
775672628493357057
716448280201269248
759460236042305536
766808183696351233
707332312724283392
651044059222556674
728207861050970112
707604196812591104
727116900983934976
756690088533393409
723365789378584578
741995157969592321
724661834419048448
765887221736046592
701175292937707520
650710483289419776
652349108653551616
723511860516016128
715255507506892800
726043971911213057
728631482722308096
778572032531427332
727187859367546880
